LM=14 
3755.858 2849.757
3468.3 2303.984
3562.197 2045.769
3491.774 1909.619
3242.949 1735.911
2975.344 1707.742
2712.434 1749.995
2454.219 1839.197
2200.698 2388.491
2463.608 3073.935
2717.129 3200.695
2980.039 3266.423
3233.559 3252.338
3496.469 3149.052
ID=Specimen1
LM=14 
4394.366 2798.122
3745.305 2332.16
3862.676 2041.08
3937.793 2421.362
3501.174 1679.577
3041.08 1566.901
2590.376 1576.291
2139.671 1707.746
1679.577 2740.61
2130.282 3477.7
2571.596 3552.817
3031.69 3674.883
3482.394 3660.798
3937.793 3369.718
ID=Specimen2
LM=14 
4053.042 2508.58
3588.534 1835.803
3625.975 1414.587
3621.295 1877.925
3200.078 876.365
2755.46 923.167
2315.523 623.635
1870.905 960.608
1426.287 2144.696
1852.184 3122.855
2287.441 3132.215
2727.379 3179.017
3167.317 3272.621
3611.934 3090.094
ID=Specimen3
LM=14 
3764.063 2596.875
3378.516 2187.891
3500.391 1859.766
3430.078 2234.766
3022.266 1423.828
2619.141 1301.953
2225.391 1306.641
1826.953 1316.016
1451.953 2155.078
1873.828 3162.891
2272.266 3364.453
2670.703 3303.516
3069.141 3331.641
3462.891 3387.891
ID=Specimen4 
LM=14 
3840.376 2582.16
3268.922 2147.142
3395.916 1797.908
3390.625 2210.639
2951.437 1385.178
2496.375 1242.309
2057.188 1205.269
1612.708 1385.178
1173.521 2305.884
1623.291 3311.254
2073.062 3295.379
2512.249 3374.75
2951.437 3316.545
3390.625 3115.471
ID=Specimen5 
LM=14 
3967.136 2417.84
3543.427 2045.775
3740.61 1585.681
3411.972 1205.399
3055.164 1153.756
2712.441 1200.704
2383.803 1280.516
2064.554 1440.141
1839.202 2158.451
2341.549 2975.352
2712.441 3111.502
3073.944 3191.315
3411.972 3144.366
3731.221 2975.352
ID=Specimen6 
LM=14 
3662.763 3091.335
3375.878 2476.581
3502.342 2101.874
3258.782 1717.799
2935.597 1558.548
2617.096 1497.658
2303.279 1581.967
2012.881 1708.431
1750.585 2528.103
2111.241 3211.944
2439.11 3464.871
2752.927 3558.548
3066.745 3563.232
3380.562 3507.026
ID=Specimen7
LM=14 
3426.558 2760.934
3120.699 2234.763
3280.074 1925.388
3120.699 1700.389
2867.575 1597.264
2614.45 1578.514
2375.388 1630.076
2141.013 1737.889
1930.076 2408.2
2211.325 3097.262
2464.45 3162.887
2708.2 3172.262
2956.637 3148.824
3191.012 3064.449
ID=Specimen8
LM=14 
3815.606 2676.549
3486.311 2136.318
3542.561 1812.882
3303.499 1517.571
2970.689 1367.571
2661.315 1353.509
2366.004 1409.759
2089.443 1550.383
1883.194 2098.818
2342.567 2951.939
2680.065 3125.375
3003.501 3205.062
3289.437 3148.813
3584.748 3050.376
ID=Specimen9
LM=14 
3828.393 2939.158
3457.488 2292.122
3555.772 1950.468
3377.925 1693.058
3017.551 1482.449
2680.577 1430.967
2348.284 1440.328
2025.351 1538.612
1767.941 2348.284
2175.117 3101.794
2526.131 3312.402
2867.785 3396.646
3195.398 3410.686
3518.331 3279.641
ID=Specimen10 
LM=14 
3229.684 3084.371
3205.074 2553.513
3336.324 2187.888
3158.199 1911.326
2961.325 1808.201
2755.075 1766.013
2548.825 1747.263
2323.825 1822.263
2037.888 2422.263
2159.763 3153.512
2351.95 3261.324
2567.575 3336.324
2764.45 3364.449
2994.137 3308.199
ID=Specimen11 
LM=14 
3946.87 2878.121
3641.011 2347.263
3786.324 1991.013
3636.324 1705.076
3322.262 1451.951
3008.199 1381.639
2684.762 1405.076
2380.075 1480.076
2056.638 2005.076
2356.638 2905.075
2680.075 3134.762
2994.137 3237.887
3308.199 3275.387
3626.949 3195.699
ID=Specimen12 
LM=14 
3740.625 2718.75
3476.953 2164.453
3589.453 1883.203
3430.078 1620.703
3144.141 1480.078
2872.266 1480.078
2586.328 1526.953
2309.766 1592.578
2051.953 2033.203
2351.953 2858.203
2637.891 3022.266
2914.453 3073.828
3200.391 3106.641
3476.953 3017.578
ID=Specimen13 
LM=14 
3543.746 2957.809
3289.449 2506.638
3406.636 2211.325
3280.074 1991.013
3012.887 1789.451
2741.012 1728.514
2469.138 1780.076
2197.263 1855.076
1925.388 2450.388
2187.888 3050.387
2459.763 3237.887
2722.262 3326.949
2998.824 3326.949
3270.699 3251.949
ID=Specimen14 
LM=14 
4040.62 1842.185
3617.574 1676.951
3345.699 1339.451
3673.824 1691.014
3219.137 1217.577
2759.762 1039.452
2300.388 955.077
1845.701 1109.764
1381.639 2136.326
1836.326 3125.387
2291.013 3280.074
2745.7 3233.199
3200.387 3336.324
3664.449 3045.699
ID=Specimen15 
LM=14 
4507.02 2817.473
3742.98 1973.869
3616.615 1430.967
4014.431 2147.036
3527.691 1290.562
2980.109 1065.913
2413.807 1033.151
1852.184 1075.273
1192.278 1955.148
1632.215 3279.641
2184.477 3494.93
2722.699 3710.218
3312.402 3471.529
3883.385 3438.768
ID=Specimen16 
LM=14 
3965.62 2634.372
3744.136 2403.513
3851.948 2108.201
3889.448 2548.825
3537.886 1770.701
3106.637 1512.889
2651.95 1386.326
2159.763 1484.764
1550.389 2380.075
1855.076 3383.199
2300.388 3598.824
2759.762 3664.449
3214.449 3795.698
3734.761 3514.449
ID=Specimen17 
LM=14 
3967.21 2637.001
3553.862 2195.549
3680.325 1891.099
3614.752 2237.703
3197.89 1427.399
2771.661 1207.259
2345.432 1160.421
1909.835 1225.994
1441.451 2078.453
1862.996 3216.625
2275.174 3268.148
2720.139 3343.089
3146.368 3385.244
3577.281 3240.045
ID=Specimen18 
LM=14 
4004.681 2332.551
3666.274 2158.078
3567.913 1797.423
3956.672 2303.277
3507.023 1703.746
3024.588 1389.929
2556.204 1305.62
2064.401 1450.819
1553.863 2429.741
2003.512 3380.56
2471.895 3647.538
2959.014 3586.649
3446.133 3460.185
3919.201 3418.03
ID=Specimen19 
LM=14 
4112.541 2555.684
3684.64 2094.958
3656.504 1719.811
3966 2441.968
3497.067 1475.966
3009.377 1241.5
2526.376 1255.568
2029.307 1307.15
1499.413 2245.016
1982.414 3347.008
2460.725 3628.368
2953.105 3506.445
3445.484 3604.921
3942.553 3309.494
ID=Specimen20
LM=14 
3762.871 2068.643
3466.849 1931.747
3452.808 1547.972
3691.498 2015.991
3214.119 1309.282
2732.059 1079.953
2254.68 1042.512
1777.301 1182.917
1323.323 2423.167
1805.382 3312.402
2282.761 3448.128
2755.46 3326.443
3232.839 3415.367
3700.858 3115.835
ID=Specimen21
LM=14 
4046.784 3026.901
3708.772 2436.257
3928.655 2057.31
3792.982 1865.497
3414.035 1495.906
3025.731 1252.632
2609.357 1177.778
2169.591 1224.561
1654.971 2052.632
1921.637 3091.228
2300.585 3385.965
2693.567 3545.029
3119.298 3587.135
3573.099 3432.749
ID=Specimen22
LM=14 
4360.653 2510.537
3909.833 2214.284
4087.819 1886.416
4083.135 2307.961
3656.906 1567.915
3207.258 1366.51
2757.609 1319.671
2298.593 1389.929
1820.842 2186.181
2228.336 3193.206
2673.3 3300.935
3122.949 3427.398
3581.965 3385.244
4045.665 3160.419
ID=Specimen23
LM=14 
4018.757 2415.006
3576.788 2071.512
3618.992 1691.676
3919.109 2329.426
3454.865 1363.423
2953.107 1152.403
2456.038 1110.199
1958.968 1199.297
1424.385 2090.27
1865.182 3487.691
2357.562 3628.37
2859.32 3689.332
3370.457 3393.904
3881.594 3131.301
ID=Specimen24
LM=14 
3624.413 2920.188
3421.362 2252.347
3515.258 1998.826
3341.549 1712.441
3059.859 1505.869
2792.254 1444.836
2505.869 1407.277
2242.958 1421.362
1961.268 1890.845
2252.347 2937.793
2534.038 3144.366
2801.643 3242.958
3078.638 3242.958
3355.634 3172.535
ID=Specimen25
LM=14 
3619.716 3014.082
3374.411 2411.97
3496.476 2083.332
3365.021 1848.59
3088.026 1632.628
2806.336 1543.426
2505.867 1580.985
2214.787 1632.628
1904.928 2346.243
2153.754 3097.416
2444.834 3294.599
2721.829 3411.969
3012.909 3388.495
3313.378 3350.937
ID=Specimen26
LM=14 
3639.344 2557.377
3399.297 2003.513
3525.761 1731.85
3385.246 1446.136
3137.002 1272.834
2884.075 1202.576
2635.831 1183.841
2373.536 1258.782
2129.977 1792.74
2382.904 2532.787
2631.148 2743.56
2879.391 2832.553
3122.951 2837.237
3385.246 2790.398
ID=Specimen27
LM=14 
3699.88 2715.121
3342.319 2240.327
3454.863 1855.802
3220.396 1593.199
2882.765 1466.588
2568.58 1471.277
2254.395 1499.413
1968.346 1616.646
1733.879 2099.647
2179.365 3028.134
2516.997 3192.26
2845.25 3262.6
3159.435 3257.911
3450.173 3107.852
ID=Specimen28 
LM=14 
3639.766 3073.684
3474.854 2571.93
3657.31 2239.766
3432.749 1879.532
3170.76 1762.573
2894.737 1669.006
2618.713 1654.971
2328.655 1734.503
2010.526 2422.222
2244.444 3138.012
2506.433 3329.825
2773.099 3437.427
3053.801 3446.784
3334.503 3390.643
ID=Specimen29 
LM=14 
3793.667 2846.422
3426.727 2366.939
3609.611 1912.074
3492.377 1602.578
3168.814 1354.044
2831.182 1274.325
2512.308 1236.81
2184.055 1344.665
1837.044 2099.647
2146.54 2878.075
2474.793 3135.988
2793.667 3225.086
3117.231 3211.018
3454.863 3150.056
ID=Specimen30
LM=14 
3661.972 2455.399
3271.127 1862.676
3355.634 1473.005
3266.432 1275.822
2933.099 1055.164
2609.155 965.962
2308.685 984.742
1998.826 1092.723
1735.915 1712.441
2130.282 2759.39
2449.531 2919.014
2764.085 2989.437
3069.249 2961.268
3379.108 2839.202
ID=Specimen31
LM=14 
3873.388 2841.735
3576.788 2343.494
3665.885 1991.794
3450.176 1762.016
3135.991 1621.336
2831.184 1602.579
2549.824 1677.608
2259.086 1766.706
2038.687 2456.038
2427.902 3248.535
2732.708 3398.593
3037.515 3450.176
3337.632 3440.797
3628.37 3314.185
ID=Specimen32
LM=14 
3896.711 2615.022
3566.899 2041.078
3712.439 1674.881
3627.932 1463.614
3318.073 1247.652
2994.129 1125.586
2660.796 1092.722
2327.463 1144.365
1989.435 1688.966
2271.125 2707.745
2585.679 2933.097
2904.928 3069.247
3228.871 3088.026
3566.899 2965.96
ID=Specimen33
LM=14 
4070.34 2452.521
3759.672 2066.823
3830.012 1762.016
3773.74 1602.579
3398.593 1208.675
3014.068 1072.685
2629.543 1016.413
2240.328 1246.19
1846.424 2085.58
2216.882 3046.893
2596.717 3225.088
2985.932 3234.467
3370.457 3206.331
3754.982 3046.893
ID=Specimen34
LM=14 
4060.961 1810.082
3539.273 1597.89
3539.273 1316.53
3980.07 1790.152
3464.244 1194.607
2929.66 1021.102
2395.076 1016.413
1855.803 1241.501
1316.53 2291.911
1832.356 3084.408
2362.251 3347.011
2896.835 3178.195
3422.04 3271.981
3961.313 2812.427
ID=Specimen35
LM=14 
4056.272 1978.898
3431.419 1715.123
3553.341 1344.666
3750.293 1813.599
3281.36 1133.646
2817.116 992.966
2334.115 978.898
1855.803 1105.51
1368.113 2118.406
1822.978 2892.145
2296.6 3084.408
2770.223 3154.748
3248.535 3107.855
3726.846 2868.699
ID=Specimen36
LM=14 
4225.088 2804.22
3848.769 2343.494
3994.138 2104.338
4022.274 2563.892
3736.225 1630.715
3332.943 1372.802
2892.145 1283.705
2437.28 1368.113
1874.56 2090.27
2123.095 3201.641
2526.377 3487.691
2943.728 3656.506
3412.661 3515.826
3886.284 3365.768
ID=Specimen37
LM=14 
4070.423 2356.808
3496.479 2106.808
3576.291 1754.695
3773.474 2242.958
3308.685 1576.291
2825.117 1397.887
2350.939 1332.16
1862.676 1426.056
1383.803 2261.737
1853.286 3458.92
2327.465 3566.901
2806.338 3510.563
3285.211 3491.784
3764.085 3299.296
ID=Specimen38
LM=14 
4088.993 2557.377
3474.239 2120.609
3642.857 1750.585
3647.541 2223.653
3211.944 1352.459
2757.611 1104.215
2317.33 1019.906
1862.998 1108.899
1399.297 1956.674
1839.578 3146.37
2279.859 3197.892
2729.508 3254.098
3179.157 3240.047
3628.806 3127.635
ID=Specimen39
LM=14 
4032.749 1997.661
3381.287 1701.754
3418.713 1336.842
3666.667 1781.287
3203.509 1187.135
2726.316 925.146
2253.801 850.292
1767.251 925.146
1290.058 1940.351
1743.86 3086.55
2230.409 3297.076
2693.567 3198.83
3180.117 3072.515
3657.31 2838.596
ID=Specimen40
LM=14 
3531.067 2799.531
3370.457 2245.018
3520.516 1968.347
3337.632 1607.268
3079.719 1438.453
2835.873 1419.695
2577.96 1461.899
2324.736 1593.2
2024.619 2751.465
2273.154 3028.136
2521.688 3126.612
2765.533 3159.437
3018.757 3140.68
3262.603 3084.408
ID=Specimen41
LM=14 
3414.52 2702.576
3202.576 2214.286
3347.775 1881.733
3155.738 1591.335
2940.281 1483.607
2734.192 1483.607
2514.052 1488.29
2303.279 1619.438
2120.609 2167.447
2345.433 2879.391
2570.258 2987.119
2781.03 3033.958
2987.119 3024.59
3207.26 2940.281
ID=Specimen42
LM=14 
3208.431 2754.098
3090.164 2228.337
3272.834 1900.468
3066.745 1488.29
2846.604 1371.194
2626.464 1361.827
2411.007 1366.511
2172.131 1483.607
1905.152 2190.867
2083.138 2944.965
2298.595 3062.061
2518.735 3122.951
2738.876 3127.635
2968.384 3071.429
ID=Specimen43
LM=14 
3320.047 2790.152
3154.748 2395.076
3304.807 2052.755
3117.233 1733.88
2892.145 1621.336
2667.057 1593.2
2437.28 1644.783
2207.503 1808.91
1968.347 2563.892
2179.367 3135.991
2409.144 3234.467
2624.853 3286.049
2859.32 3253.224
3084.408 3150.059
ID=Specimen44
LM=14 
3555.556 2596.491
3385.965 2118.129
3512.281 1804.678
3357.895 1575.439
3138.012 1453.801
2932.164 1430.409
2712.281 1481.871
2501.754 1580.117
2277.193 2057.31
2478.363 2885.38
2693.567 2946.199
2918.129 2983.626
3119.298 2983.626
3343.86 2932.164
ID=Specimen45
LM=14 
3733.019 2618.265
3525.759 2111.24
3670.958 1811.474
3488.288 1530.444
3240.045 1375.877
2982.434 1329.039
2729.506 1375.877
2490.631 1460.186
2247.071 2668.616
2485.947 2944.963
2743.558 3048.007
2991.801 3090.162
3230.677 3048.007
3488.288 2935.595
ID=Specimen46
LM=14 
3429.24 2872.515
3329.825 2585.965
3428.07 1921.637
3217.544 1678.363
2992.982 1617.544
2777.778 1626.901
2562.573 1669.006
2333.333 1753.216
2118.129 2571.93
2342.69 3119.298
2557.895 3208.187
2782.456 3254.971
3007.018 3259.649
3217.544 3194.152
ID=Specimen47
LM=14 
3620.606 2847.773
3422.714 2279.858
3450.817 1872.364
3347.773 1717.797
3108.897 1591.334
2860.654 1553.863
2621.778 1549.179
2387.586 1633.488
2172.13 2645.197
2434.425 3137
2677.984 3244.728
2912.176 3300.935
3151.052 3272.831
3394.611 3188.522
ID=Specimen48
LM=14 
3629.54 2621.335
3403.28 2207.501
3440.795 1874.559
3262.6 1597.889
3004.687 1466.588
2770.221 1447.83
2526.376 1522.859
2310.667 1640.093
2169.987 2423.211
2474.793 3042.202
2718.638 3103.163
2967.173 3131.299
3196.95 3075.027
3431.416 2976.551
ID=Specimen49
LM=14 
4089.199 2840.374
3693.659 2177.229
3839.199 1698.356
3740.608 1524.647
3421.359 1332.159
3102.111 1280.516
2778.167 1294.6
2454.224 1407.276
2153.754 2045.773
2491.782 2998.824
2815.726 3196.007
3134.974 3289.904
3454.223 3308.683
3778.166 3219.481
ID=Specimen50
LM=14 
3549.824 2790.152
3323.564 2268.464
3450.176 1963.658
3323.564 1560.375
3037.515 1293.083
2742.087 1171.161
2437.28 1152.403
2146.542 1189.918
1771.395 2301.29
2038.687 2892.145
2310.668 3135.991
2610.785 3281.36
2915.592 3281.36
3215.709 3229.777
ID=Specimen51
LM=14 
3967.175 2708.089
3858.148 2078.546
4031.653 1337.632
3651.817 760.844
3262.603 620.164
2873.388 573.271
2474.795 676.436
2090.27 807.737
1663.54 2688.159
2048.066 3335.287
2432.591 3546.307
2812.427 3565.064
3201.641 3522.86
3600.234 3377.491
ID=Specimen52
LM=14 
3662.763 2473.068
3563.232 2144.028
3478.923 1708.431
3352.459 1511.71
3066.745 1403.981
2785.714 1375.878
2504.684 1324.356
2214.286 1366.511
1937.939 2106.557
2237.705 3221.311
2537.471 3343.091
2818.501 3385.246
3099.532 3347.775
3385.246 3249.415
ID=Specimen53
LM=14 
3474.795 3230.95
3422.04 2676.436
3576.788 2029.308
3286.049 1457.21
2990.621 1335.287
2695.193 1316.53
2399.766 1339.977
2094.959 1443.142
1729.191 2582.649
1973.036 3412.661
2259.086 3609.613
2549.824 3623.681
2849.941 3609.613
3150.059 3576.788
ID=Specimen54
LM=14 
3733.021 2824.356
3638.173 2312.646
3713.115 1656.909
3460.187 1296.253
3160.422 1165.105
2860.656 1113.583
2551.522 1160.422
2251.756 1319.672
1923.888 2537.471
2218.97 3408.665
2523.419 3441.452
2823.185 3436.768
3127.635 3422.717
3422.717 3319.672
ID=Specimen55
LM=14 
3399.059 2427.228
3332.157 2092.722
3303.988 1458.919
3106.805 1167.84
2782.862 1055.164
2454.224 1059.858
2130.28 1036.384
1806.337 1242.957
1458.919 2280.515
1764.083 3181.923
2083.332 3365.021
2397.886 3430.749
2726.524 3435.444
3050.467 3369.716
ID=Specimen56
LM=14 
3699.883 3221.571
3548.652 2456.038
3759.672 1743.259
3375.147 1283.705
2990.621 1152.403
2620.164 1147.714
2226.26 1246.19
1846.424 1490.035
1457.21 2141.852
1804.22 3539.273
2184.056 3604.924
2563.892 3651.817
2943.728 3637.749
3328.253 3562.72
ID=Specimen57
LM=14 
2286.99 1298.203
2069.102 808.099
2086.791 610.988
2016.034 537.703
1763.328 388.607
1503.04 343.12
1245.28 363.336
987.52 474.527
729.76 1118.927
984.993 1561.163
1242.753 1599.069
1508.095 1583.906
1760.801 1581.379
2016.034 1518.203
ID=Specimen58
LM=14 
1078.6 697.062
1064.894 564.755
1038.041 362.237
965.314 262.657
834.405 189.93
701.258 165.315
563.636 169.79
427.132 232.447
280.559 460.699
401.398 760.559
533.426 810.908
668.811 834.405
801.957 831.048
941.817 803.076
ID=Specimen59
LM=14 
3325.076 2098.982
3251.96 2018.368
3206.966 1953.876
3181.469 1928.379
3056.985 1848.889
2935.501 1830.891
2821.515 1856.388
2710.529 1910.381
2614.541 2195.345
2761.523 2388.82
2884.507 2423.316
3004.492 2417.317
3119.977 2388.82
3230.963 2330.328
ID=Specimen60
LM=14 
2795.274 2410.572
2789.65 2352.08
2821.146 2258.716
2787.4 2156.354
2723.283 2102.361
2654.666 2074.239
2580.426 2062.991
2498.311 2076.489
2380.201 2201.348
2408.322 2394.824
2466.815 2454.442
2543.305 2479.189
2614.172 2488.187
2694.037 2479.189
ID=Specimen61 
LM=14 
1183.886 767.775
1163.921 716.987
1144.306 595.095
1079.858 483.012
966.373 407.355
858.493 373.73
750.612 382.136
634.325 425.569
522.241 656.742
628.721 885.112
739.403 913.133
850.086 911.732
959.368 887.915
1070.051 883.711
ID=Specimen62
LM=14 
1243.977 799.999
1222.686 714.484
1148.689 505.06
1120.766 465.968
993.716 378.01
866.665 343.106
738.219 344.502
608.376 412.914
472.949 752.18
597.207 969.981
722.861 983.943
851.308 963
983.943 936.473
1110.993 914.135
ID=Specimen63
LM=14 
1301.576 822.417
1256.392 705.779
1217.163 616.112
1180.736 589.492
1051.839 550.263
925.744 520.841
799.65 530.648
667.951 585.289
533.45 798.249
653.94 1060.245
778.634 1096.673
906.13 1110.683
1036.427 1110.683
1165.324 1061.646
ID=Specimen64
LM=14 
3887.313 2957.738
3435.437 2346.238
3585.671 1867.366
3468.3 1693.657
3134.968 1444.832
2825.11 1397.883
2519.946 1365.02
2233.562 1524.644
1980.041 2167.834
2383.796 3285.202
2717.129 3468.3
3026.987 3534.028
3327.456 3482.385
3609.145 3360.319
ID=Specimen65
LM=14 
3802.817 2915.493
3576.291 2402.582
3688.967 2055.164
3374.413 1571.596
3055.164 1468.31
2731.221 1397.887
2421.362 1430.751
2130.282 1548.122
1867.371 2200.704
2261.737 3181.925
2590.376 3355.634
2904.93 3449.531
3219.484 3430.751
3519.953 3365.023
ID=Specimen66
LM=14 
3892.014 2694.832
3580.982 2102.11
3679.573 1745.303
3473 1468.308
3144.362 1313.379
2820.419 1280.515
2515.255 1336.853
2205.396 1468.308
1937.791 2012.908
2327.462 2862.673
2660.795 3097.414
2984.738 3191.311
3294.597 3200.7
3599.761 3073.94
ID=Specimen67
LM=14 
1975.309 1140.292
1889.45 1020.763
1914.141 829.966
1833.333 695.286
1673.962 623.457
1512.346 589.787
1348.485 609.989
1182.379 652.637
1011.785 881.594
1150.954 1370.932
1312.57 1456.229
1476.431 1462.963
1638.047 1449.495
1799.663 1384.4
ID=Specimen68
LM=14 
3196.832 2362.191
3182.209 2300.324
3168.711 2206.962
3098.97 2113.599
2998.858 2068.605
2902.121 2062.98
2802.009 2080.978
2705.271 2155.218
2608.534 2313.823
2704.147 2502.798
2802.009 2543.293
2899.871 2534.294
2998.858 2518.546
3097.845 2502.798
ID=Specimen69
LM=14 
1092.737 493.855
1052.235 450
989.665 329.33
981.844 320.391
865.642 208.659
740.503 170.67
620.95 185.196
499.162 252.235
368.436 538.268
484.637 756.145
604.19 788.547
725.978 776.257
847.765 781.844
971.788 703.631
ID=Specimen70
LM=14 
1138.075 648.257
1089.819 547.559
1065.272 456.067
1006.137 382.427
872.245 245.188
735.007 205.021
602.232 218.41
466.109 288.703
328.87 530.823
458.298 798.605
592.19 819.805
728.312 828.731
864.435 806.416
998.326 786.332
ID=Specimen71
LM=14 
1068.152 603.35
1055.582 541.618
1043.292 473.462
961.728 346.088
855.583 257.82
743.852 257.82
633.238 266.759
523.741 325.976
409.775 508.099
515.92 743.852
626.534 784.075
734.913 806.421
845.527 793.014
953.907 742.735
ID=Specimen72
LM=14 
1324.186 828.837
1305.698 760.116
1270.814 598.256
1175.93 503.372
1044.767 455.93
919.186 447.558
796.395 454.535
676.395 514.535
568.953 781.047
712.674 1022.442
839.651 1064.302
965.233 1064.302
1086.628 1023.837
1209.419 977.791
ID=Specimen73
LM=14 
1333.022 834.539
1318.67 775.379
1310.268 600.35
1185.648 414.119
1038.623 341.307
892.999 309.102
744.574 327.305
593.349 405.718
443.524 675.963
589.148 951.809
737.573 1000.817
885.998 1012.019
1033.022 984.014
1184.247 950.408
ID=Specimen74
LM=14 
1362.237 858.741
1340.908 785.664
1361.887 598.251
1248.601 408.042
1111.538 318.531
971.678 282.168
830.419 289.161
679.37 370.279
519.93 659.79
640.209 956.293
780.069 1002.447
918.531 1026.223
1061.188 1006.643
1210.838 954.894
ID=Specimen75
LM=14 
1230.73 737.6
1212.22 681.372
1168.914 515.132
1087.89 425.726
963.56 381.023
840.626 375.436
720.487 390.802
603.142 438.299
502.56 691.151
642.257 911.872
766.587 945.399
888.123 962.163
1008.263 944.002
1122.814 893.711
ID=Specimen76
LM=14 
3081.081 2596.847
3046.171 2550.676
3048.423 2399.775
2942.568 2260.135
2825.45 2206.081
2712.838 2183.559
2606.982 2203.829
2501.126 2260.135
2404.279 2469.595
2532.658 2728.604
2649.775 2773.649
2760.135 2780.405
2870.495 2755.631
2976.351 2703.829
ID=Specimen77
LM=14 
1248.893 775.32
1228.986 713.504
1238.765 636.67
1099.068 424.33
950.989 354.482
800.116 332.13
654.831 332.13
503.958 404.773
357.276 684.167
503.958 956.577
654.831 1020.837
801.513 1005.471
949.592 967.753
1099.068 909.08
ID=Specimen78
LM=14 
1049.434 574.717
1012.813 491.07
886.177 315.045
940.63 385.961
830.456 280.853
722.815 275.787
615.174 301.115
511.332 363.167
408.756 594.912
520.196 777.269
627.838 819.059
734.212 830.456
838.055 797.531
952.028 764.605
ID=Specimen79
LM=14 
4857.549 2631.173
3579.069 1797.968
3034.844 1379.679
4199.756 1851.941
3525.097 1770.982
2868.428 1325.706
2175.777 1307.715
1492.122 1892.42
817.463 2486.121
1483.127 2796.464
2157.786 2760.482
2827.948 2836.944
3502.608 2764.98
4181.765 2836.944
ID=Specimen80
LM=14 
4622.322 2457.723
3299.887 1816.234
3042.841 1536.64
4003.382 1933.484
3381.06 1861.33
2767.756 1410.372
2136.415 1450.958
1491.545 1928.974
851.184 2555.806
1482.525 2862.458
2104.848 2839.91
2731.68 2871.477
3354.002 2835.4
3976.325 2853.439
ID=Specimen81
LM=14 
4692.108 2669.648
3279.757 1828.08
3086.499 1428.082
4093.235 1967.405
3477.508 1886.506
2875.265 1333.7
2259.538 1369.655
1630.328 1935.944
1001.118 2520.21
1603.362 2749.423
2232.572 2735.94
2834.815 2767.4
3455.037 2830.321
4070.763 2807.849
ID=Specimen82
LM=14 
4755.893 2578.171
3341.949 1609.67
3076.483 1303.709
4070.856 1888.634
3431.937 1659.163
2775.021 1281.212
2163.099 1402.696
1591.672 1884.135
1011.246 2487.058
1663.663 2820.015
2280.084 2770.522
2910.004 2793.019
3521.926 2779.521
4147.346 2689.532
ID=Specimen83
LM=14 
4670.413 3158.603
3400.448 2095.612
3220.47 1803.148
4115.858 2383.576
3503.935 2172.102
2923.508 1744.656
2320.583 1726.658
1677.164 2199.099
1038.245 2779.526
1618.672 3107.985
2230.595 3130.482
2829.02 3314.959
3440.943 3332.956
4048.366 3418.446
ID=Specimen84
LM=14 
4395.495 2633.701
2951.678 1702.243
2704.488 1508.985
3765.159 1940.445
3167.408 1769.658
2583.14 1482.019
2007.86 1567.412
1482.019 2075.276
951.683 2713.476
1553.929 3041.565
2115.725 3010.105
2695.499 2924.712
3279.767 3014.599
3855.046 2956.172
ID=Specimen85
LM=14 
4243.819 2597.874
3548.63 2066.81
3698.688 1738.559
3815.92 2207.489
3398.572 1419.686
2967.156 1241.493
2535.74 1208.668
2109.014 1232.114
1677.598 1921.442
2071.499 3164.107
2507.605 3276.65
2939.021 3384.504
3370.436 3286.029
3806.542 3060.942
ID=Specimen86
LM=14 
4439.766 2802.339
3863.158 2178.947
3928.655 1734.503
3966.082 2221.053
3535.673 1327.485
3039.766 990.643
2492.398 995.322
1996.491 738.012
1304.094 2169.591
1706.433 3325.146
2216.374 3540.351
2721.637 3694.737
3269.006 3591.813
3830.409 3395.322
ID=Specimen87
LM=14 
4553.987 2253.52
3848.589 1717.135
3909.622 1426.055
3989.434 1796.947
3435.444 1088.027
2895.538 909.624
2374.412 961.267
1848.59 1045.774
1397.886 2505.867
1965.961 3346.242
2496.477 3393.19
3026.993 3313.378
3538.73 3247.65
4050.467 2806.336
ID=Specimen88
LM=14 
4697.879 2693.201
3951.98 1984.772
4120.598 1535.125
4134.649 2115.919
3600.693 1221.308
3033.95 1001.168
2481.258 1062.058
1909.831 1019.904
1329.036 2425.052
1872.36 3567.906
2429.736 3666.266
3001.163 3492.965
3558.538 3539.803
4125.281 3071.42
ID=Specimen89
LM=14 
3690.864 2749.413
3446.133 2078.453
3661.59 1675.643
3614.752 1450.819
3347.773 1169.788
3057.375 1010.538
2748.242 954.332
2425.057 977.751
1994.144 1413.348
2125.291 2542.153
2401.638 2827.867
2677.984 3015.22
2987.117 3033.956
3305.618 3057.375
ID=Specimen90
LM=14 
3793.911 3077.283
3478.923 2593.677
3577.283 2204.918
3385.246 1806.792
3062.061 1647.541
2724.824 1581.967
2387.588 1577.283
2069.087 1633.489
1816.159 2710.773
2176.815 3343.091
2518.735 3530.445
2860.656 3605.386
3169.789 3553.864
3492.974 3436.768
ID=Specimen91
LM=14 
3480.084 2894.606
3221.303 2289.221
3357.134 1937.934
3216.619 1633.485
2921.538 1464.867
2640.508 1352.455
2340.743 1338.404
2055.029 1399.294
1741.213 1984.772
2017.559 2935.589
2303.272 3169.781
2588.986 3291.56
2874.699 3329.031
3169.781 3244.722
ID=Specimen92
LM=14 
3901.521 2724.5
3473.62 2123.094
3567.407 1883.938
3473.62 1616.646
3117.231 1358.733
2765.532 1307.15
2423.211 1297.772
2090.268 1349.354
1785.462 1865.18
2207.501 2976.551
2563.89 3178.192
2910.901 3271.979
3253.222 3253.222
3581.475 3117.231
ID=Specimen93
LM=14 
3577.46 2446.006
3346.24 2158.448
3515.254 1853.284
3336.85 1529.341
3088.024 1388.496
2834.504 1411.97
2580.983 1487.087
2313.377 1749.998
2045.772 2374.41
2289.903 2933.095
2538.729 3163.142
2796.945 3224.174
3045.771 3163.142
3303.987 3036.381
ID=Specimen 94 
LM=14 
3624.413 2323.944
3355.634 2069.249
3402.582 1862.676
3238.263 1580.986
2937.793 1411.972
2670.188 1454.225
2411.972 1571.596
2177.23 1843.897
2012.911 2562.207
2360.329 3041.08
2656.103 3219.484
2947.183 3280.516
3191.315 3120.892
3435.446 2900.235
ID=Specimen95
LM=14 
3746.947 2407.413
3544.377 2040.915
3703.623 1862.935
3656.786 1675.588
3483.49 1399.25
3249.305 1352.414
3001.07 1385.199
2724.733 1525.71
2364.089 2120.538
2471.814 2720.049
2673.212 2907.396
2893.345 2991.703
3146.264 2968.284
3417.918 2799.672
ID=Specimen96
LM=14 
6860.544 5092.362
6451.652 4391.721
6548.902 3958.516
6257.152 3587.198
5788.584 3392.698
5408.425 3419.221
5001.743 3463.425
4612.743 3675.607
4338.675 4391.721
4886.811 5487.993
5328.857 5744.379
5744.379 5850.47
6159.902 5832.788
6540.061 5673.652
ID=Specimen97
LM=14 
5115.438 1867.392
4426.282 1477.767
4618.169 1234.398
4112.71 822.542
3298.358 546.411
2521.448 466.848
1828.781 686.817
1178.236 1122.074
728.938 2516.768
1744.538 3616.61
2535.488 3803.818
3274.957 3724.254
3953.583 3415.362
4566.687 2778.858
ID=Specimen98
LM=14 
9750.685 4494.871
8793.555 3548.007
8923.199 3248.831
8334.819 2550.754
6898.775 1742.98
5472.704 1364.024
4026.688 1433.832
2630.535 2072.073
1204.463 4256.056
2630.535 6489.902
4066.578 7158.061
5492.65 7307.649
6898.775 7168.033
8334.819 6120.918
ID=Specimen99
LM=14 
9987.631 4206.482
8741.982 3447.607
8991.246 3228.254
8462.806 2620.049
7027.043 1932.08
5621.192 1672.845
4275.164 1662.874
2959.049 2320.932
1872.256 5022.957
3437.636 7256.366
4853.458 7724.983
6199.485 7635.248
7535.542 7216.484
8811.776 6149.632
ID=Specimen100
LM=14 
1984.374 1145.089
1751.673 814.174
1693.637 718.192
1798.548 858.816
1611.048 633.37
1423.548 566.406
1233.816 575.334
1048.548 660.156
852.12 1001.673
1035.156 1390.066
1222.655 1441.405
1412.388 1443.637
1604.352 1457.03
1794.084 1383.37
ID=Specimen101
LM=14 
1930.571 1119.821
1723.964 852.744
1681.411 772.116
1750.84 877.38
1569.429 673.572
1388.018 592.945
1206.607 610.862
1025.196 707.167
841.545 1092.385
1018.477 1361.142
1202.128 1428.331
1383.539 1430.571
1564.95 1430.571
1744.121 1356.663
ID=Specimen102
LM=14 
2008.977 1191.918
1777.215 926.487
1656.003 740.179
1819.864 957.912
1633.557 717.732
1449.494 645.903
1263.187 681.818
1074.635 771.604
892.816 1146.464
1079.124 1440.515
1265.431 1492.143
1451.739 1496.632
1638.046 1489.898
1824.354 1422.558
ID=Specimen103
LM=14 
2094.169 1076.233
1779.707 786.434
1598.093 580.157
1889.573 842.488
1683.295 681.053
1472.533 515.134
1257.286 528.587
1044.282 611.547
824.551 1044.282
1026.345 1342.488
1234.865 1427.69
1450.111 1434.416
1665.358 1414.237
1878.362 1346.972
ID=Specimen104
LM=14 
1903.695 1151.176
1667.973 897.536
1598.544 807.951
1726.204 940.09
1555.991 765.398
1390.258 680.291
1224.524 693.729
1054.311 776.596
899.776 1087.906
1065.51 1394.737
1235.722 1441.769
1403.695 1446.249
1571.669 1428.331
1737.402 1363.382
ID=Specimen105
LM=14 
1919.192 1225.589
1703.143 973.625
1647.026 816.498
1739.057 993.827
1559.484 746.914
1384.4 717.733
1202.581 744.669
1029.742 807.52
850.168 1139.731
1031.987 1440.516
1207.071 1501.122
1388.889 1492.144
1563.973 1501.122
1741.302 1440.516
ID=Specimen106
LM=14 
1984.287 1265.993
1768.238 951.178
1739.057 863.636
1806.397 987.093
1613.356 751.403
1422.559 672.84
1222.783 690.797
1025.253 744.669
807.52 1135.241
987.093 1471.942
1186.869 1543.771
1382.155 1566.218
1581.93 1557.239
1779.461 1494.388
ID=Specimen107
LM=14 
1852.017 1188.34
1642.936 938.901
1580.156 806.614
1694.506 981.502
1530.829 743.834
1367.152 676.569
1201.232 698.991
1030.829 786.434
855.941 1093.609
1012.892 1373.878
1174.327 1432.174
1340.246 1438.9
1510.649 1429.932
1676.568 1396.3
ID=Specimen108
LM=14 
4310.588 2550.588
3500 2154.118
3114.118 1951.765
3805.882 2196.471
3278.824 2064.706
2770.588 1810.588
2252.941 1796.471
1730.588 1923.529
1208.235 2300
1711.765 2780
2229.412 2845.882
2747.059 2836.471
3274.118 2827.059
3782.353 2798.824
ID=Specimen109
LM=14 
5498.233 2661.955
2726.737 2015.312
2552.415 1770.318
4696.113 2283.863
3899.882 2274.441
3098.94 2151.943
2302.709 1732.627
1497.055 1793.875
705.536 2510.012
1506.478 3212.014
2302.709 3113.074
3108.363 3117.786
3904.594 3009.423
4700.824 2976.443
ID=Specimen110
LM=14 
4827.259 2383.077
2715.627 2034.076
2555.815 1893.066
4139.833 2170.386
3458.282 2165.686
2781.432 2043.477
2095.181 1888.365
1441.832 2099.881
863.689 2837.836
1559.341 3171.561
2226.79 3166.86
2898.94 3072.853
3561.69 2955.345
4205.638 2800.233
ID=Specimen111
LM=14 
5198.11 2466.979
3093.158 1663.914
2937.498 1456.367
4479.95 1937.499
3762.969 1744.103
3041.271 1588.442
2324.291 1329.009
1597.876 1503.537
862.028 2371.461
1574.291 2829.007
2295.989 2838.441
3017.687 2744.102
3744.101 2847.875
4470.516 2777.121
ID=Specimen112
LM=14 
5438.308 2980.024
2800.235 2245.593
2522.914 1813.161
4628.672 2612.221
3796.71 2475.911
2969.448 2330.2
2151.586 1681.551
1329.025 1737.955
478.261 2579.318
1296.122 3333.725
2121.034 3340.776
2952.996 3340.776
3777.908 3284.371
4609.871 3242.068
ID=Specimen113
LM=14 
4675.676 2283.784
3233.108 1908.784
3034.91 1760.135
4106.982 2057.432
3516.892 1976.351
2944.82 1764.64
2354.73 1674.55
1773.649 1791.667
1188.063 2287.162
1764.64 2706.081
2354.73 2863.739
2940.315 2800.676
3525.901 2800.676
4106.982 2670.045
ID=Specimen114
LM=14 
4719.91 2204.724
3535.433 1951.631
3251.969 1785.152
4142.857 2014.623
3571.429 1960.63
2991.001 1744.657
2410.574 1704.162
1839.145 1794.151
1294.713 2325.084
1879.64 2797.525
2451.069 2775.028
3017.998 2716.535
3598.425 2739.033
4151.856 2545.557
ID=Specimen115
LM=14 
4840.449 2337.079
2933.708 1931.461
2776.404 1720.225
4174.157 2057.303
3522.472 1944.944
2857.303 1805.618
2201.124 1778.652
1558.427 1913.483
911.236 2479.775
1571.91 2852.809
2228.09 2974.157
2879.775 2884.27
3535.955 2879.775
4196.629 2722.472
ID=Specimen116
LM=14 
4472.441 2537.683
3067.492 2046.119
2914.511 1884.139
3904.387 2203.6
3314.961 2073.116
2730.034 1870.641
2145.107 1699.663
1573.678 1704.162
930.259 2212.598
1492.688 2716.535
2086.614 2775.028
2685.039 2748.031
3274.466 2811.024
3863.892 2775.028
ID=Specimen117
LM=14 
4729.727 2180.179
3354.728 1890.765
3084.458 1688.062
4147.52 1949.323
3557.43 1863.738
2971.845 1679.053
2377.251 1602.476
1800.675 1706.08
1215.089 2237.611
1809.684 2679.052
2395.269 2710.584
2976.349 2710.584
3566.439 2665.539
4152.024 2503.377
ID=Specimen118
LM=14 
3844.703 2555.292
3650.586 2224.704
3810.586 1923.528
3627.056 1730.587
3344.704 1612.94
3057.645 1551.764
2756.469 1594.117
2455.292 1641.175
2097.646 2394.116
2347.057 2808.233
2634.116 2921.174
2930.586 2982.351
3227.057 2972.939
3528.233 2930.586
ID=Specimen119
LM=14 
3768.865 2499.998
3560.139 2145.046
3621.46 1866.744
3494.101 1701.65
3196.932 1616.744
2913.913 1612.027
2621.46 1635.612
2338.442 1715.801
2031.838 2479.951
2310.14 2899.762
2597.876 2979.951
2899.762 2998.819
3178.064 2956.366
3465.799 2862.026
ID=Specimen120
LM=14 
3532.165 2604.383
3300.219 2320.632
3460.344 2042.769
3267.252 1863.806
2975.26 1783.743
2673.849 1731.938
2381.856 1755.486
2089.864 1774.324
1750.776 2523.143
2033.349 2876.359
2325.342 3008.227
2612.624 3027.065
2904.617 3031.775
3220.157 2914.036
ID=Specimen121
LM=14 
3722.35 2696.469
3485.88 2394.116
3556.468 2154.116
3410.586 1979.999
3132.939 1890.587
2855.292 1899.999
2596.469 1951.763
2318.822 1994.116
2088.234 2789.41
2379.998 3052.939
2652.939 3137.645
2935.292 3175.292
3203.527 3123.527
3476.468 3099.998
ID=Specimen122
LM=14 
3735.846 2349.055
3512.969 2093.159
3588.441 1781.838
3395.045 1654.48
3126.177 1635.612
2838.441 1626.178
2569.574 1706.367
2305.423 1814.857
2079.008 2616.743
2385.612 2890.328
2668.63 2951.649
2942.215 2970.517
3215.8 2899.762
3484.667 2824.29
ID=Specimen123
LM=14 
3905.88 2611.763
3659.997 2347.057
3815.291 2027.057
3631.762 1876.469
3363.527 1824.705
3090.586 1801.175
2817.645 1867.058
2558.822 1965.881
2299.998 2521.175
2577.645 2977.645
2845.88 3076.468
3114.115 3104.704
3372.939 3076.468
3645.88 3010.586
ID=Specimen124
LM=14 
3635.793 2627.943
3385.008 2315.934
3540.424 2033.359
3356.75 1844.976
3069.466 1764.914
2786.892 1750.785
2499.608 1783.752
2221.743 1783.752
1934.458 2259.419
2202.904 2895.212
2490.188 3060.047
2777.473 3069.466
3064.757 3074.176
3347.331 2989.403
ID=Specimen125
LM=14 
3971.731 2633.687
3824.499 2142.521
4012.956 1897.527
3786.808 1647.821
3489.988 1520.612
3183.746 1506.478
2877.503 1525.324
2552.415 1614.841
2161.366 2420.495
2415.783 2726.737
2707.892 2901.06
3014.134 2967.02
3325.088 2948.174
3626.62 2915.194
ID=Specimen126
LM=14 
4032.938 2743.528
3763.527 2370.587
3899.997 2055.293
3721.174 1867.058
3405.88 1749.411
3090.586 1754.116
2765.88 1819.999
2450.587 1871.763
2130.587 2624.704
2441.175 3062.351
2751.763 3203.527
3071.763 3217.645
3391.762 3189.41
3711.762 3095.292
ID=Specimen127
LM=14 
3830.586 2567.057
3565.88 2255.293
3645.88 1944.705
3396.468 1798.822
3081.174 1775.293
2765.88 1794.116
2464.704 1874.116
2168.234 1982.352
1975.293 2782.351
2332.94 3111.763
2667.057 3229.41
2982.351 3229.41
3288.233 3135.292
3584.703 3012.939
ID=Specimen128
LM=14 
5455.83 2916.372
3032.98 2076.561
2764.429 1699.647
4705.536 2458.186
3904.594 2378.092
3127.208 2161.366
2368.669 1558.304
1572.438 1515.901
714.959 2349.823
1459.364 3122.497
2255.595 3061.249
3047.114 3174.323
3848.057 3230.86
4639.576 3207.303
ID=Specimen129
LM=14 
3952.941 2705.882
3556.471 2107.059
3617.647 1683.529
3514.118 1514.118
3180 1344.706
2860 1307.059
2549.412 1292.941
2248.235 1452.941
2008.235 2276.471
2403.529 2930.588
2732.941 3104.706
3057.647 3180
3377.647 3189.412
3683.529 3081.176
ID=Specimen130
LM=14 
4890.886 2411.697
3634.418 2082.113
3490.436 1960.629
4282.337 2154.104
3679.413 2100.111
3076.488 1861.641
2473.564 1812.147
1875.139 1902.136
1281.214 2383.576
1884.138 2905.51
2482.563 2910.009
3085.487 2874.014
3688.412 2869.514
4282.337 2730.032
ID=Specimen131
LM=14 
4656.918 2290.214
3197.975 1969.629
3040.495 1780.652
4070.866 2100.112
3476.94 1996.625
2901.012 1776.153
2320.585 1717.66
1735.658 1794.151
1159.73 2433.071
1744.657 2824.522
2325.084 2892.013
2919.01 2815.523
3494.938 2824.522
4066.367 2685.039
ID=Specimen132
LM=14 
3642.353 2672.941
3457.647 2398.824
3542.353 1824.706
3401.176 1617.647
3147.059 1495.294
2888.235 1424.706
2629.412 1452.941
2365.882 1547.059
2102.353 1857.647
2342.353 2977.647
2587.059 3118.824
2855.294 3142.353
3118.824 3151.765
3377.647 3067.059
ID=Specimen133
LM=14 
4080 2555.294
3608.235 2012.941
3754.118 1645.882
3636.471 1415.294
3278.824 1231.765
2940 1198.824
2610.588 1250.588
2290.588 1372.941
2012.941 1965.882
2431.765 2765.882
2780 2935.294
3123.529 3024.706
3448.235 2996.471
3782.353 2897.647
ID=Specimen134
LM=14 
3505.3 2657.244
3325.088 2265.018
3414.605 1775.029
3287.397 1572.438
3056.537 1440.518
2835.1 1416.961
2604.24 1445.23
2387.515 1525.324
2142.521 1982.332
2363.958 2943.463
2590.106 3032.98
2820.966 3084.806
3047.114 3089.517
3273.263 2957.597
ID=Specimen135
LM=14 
3731.129 2797.168
3630.894 2277.121
3739.384 1998.819
3522.403 1645.046
3248.818 1536.556
2989.385 1536.556
2715.8 1593.159
2456.366 1739.386
2154.48 2744.102
2399.762 3135.611
2668.63 3225.234
2918.63 3267.686
3187.498 3244.102
3456.366 3163.913
ID=Specimen136
LM=14 
3411.762 2705.88
3179.998 2257.645
3368.233 1843.528
3227.057 1594.117
2982.351 1434.117
2728.233 1391.764
2474.116 1405.881
2215.293 1514.117
1914.116 2356.469
2139.999 2916.469
2384.704 3029.41
2629.41 3076.468
2888.233 3071.763
3137.645 3005.88
ID=Specimen137
LM=14 
3651.765 2616.471
3485.882 2290.588
3627.059 1763.529
3405.882 1509.412
3165.882 1438.824
2921.176 1429.412
2676.471 1481.176
2436.471 1580
2196.471 1885.882
2441.176 2996.471
2681.176 3081.176
2921.176 3090.588
3161.176 3071.765
3405.882 2972.941
ID=Specimen138
LM=14 
3515.292 2635.292
3325.88 2332.94
3499.998 1659.999
3292.939 1452.94
3048.233 1382.352
2789.41 1354.117
2535.292 1396.47
2276.469 1490.587
2008.234 2177.646
2238.822 2972.939
2483.528 3095.292
2742.351 3142.351
2987.057 3114.115
3245.88 3048.233
ID=Specimen139
LM=14 
5064.475 2626.024
3708.087 2315.356
3529.892 2198.123
4430.243 2357.56
3773.737 2338.803
3121.92 1977.724
2470.104 1935.52
1818.287 2052.754
1166.47 2638.92
1808.908 3079.717
2460.725 3121.92
3117.231 3145.367
3769.048 3164.124
4416.175 2981.241
ID=Specimen140
LM=14 
5036.514 2270.907
3249.706 2085.984
3113.074 1633.687
4512.367 2213.192
3786.808 2142.521
3051.826 1605.418
2345.112 1600.707
1628.975 1709.069
922.261 2283.863
1680.801 3141.343
2411.072 3372.203
3122.497 3292.108
3829.211 3023.557
4535.925 2750.294
ID=Specimen141
LM=14 
5049.398 2432.934
3109.403 2031.759
3415.285 1683.525
4591.752 2379.993
3871.754 2267.053
3165.874 1528.231
2455.287 1457.643
1735.289 1523.525
1024.703 2215.288
1730.583 3179.991
2450.581 3194.109
3156.462 3076.462
3871.754 2935.286
4591.752 2714.11
ID=Specimen142
LM=14 
4818.82 2291.763
2878.822 1923.528
2445.881 1514.117
4539.997 2205.881
3819.997 2083.528
3090.586 1961.175
2361.175 1457.646
1650.587 1471.764
902.352 2088.234
1622.352 2925.88
2342.351 3151.763
3067.057 3085.88
3805.88 2864.704
4539.997 2704.704
ID=Specimen143
LM=14 
4611.033 2462.978
3387.77 2348.995
3176.254 2104.577
4102.221 2433.601
3566.383 2381.897
3035.244 2076.375
2532.308 1902.462
2005.87 1963.567
1521.735 2612.214
2048.173 3260.861
2569.911 3411.271
3082.248 3293.763
3594.585 3039.945
4116.322 2776.726
ID=Specimen144
LM=14 
5197.647 2301.176
4528.327 1865.785
4729.874 1690.757
4337.387 1234.625
3531.199 916.393
2756.835 847.442
1971.862 826.227
1229.321 1202.801
561.034 2661.365
1420.26 3812.304
2226.448 4077.498
3006.116 4066.89
3764.569 3838.824
4507.111 3260.702
ID=Specimen145
LM=14 
3566.546 2699.645
3438.16 2330.976
3551.234 1798.585
3372.2 1563.014
3146.052 1478.209
2924.615 1459.363
2693.755 1501.766
2472.319 1572.437
2236.748 2208.479
2448.762 2985.864
2665.487 3065.958
2891.635 3089.515
3108.361 3131.918
3334.509 2990.575
ID=Specimen146
LM=14 
3760.563 2840.376
3571.596 2153.756
3665.493 1656.103
3473.005 1346.244
3181.925 1172.535
2895.54 1069.249
2599.765 1069.249
2308.685 1158.451
2012.911 2017.606
2289.906 3050.469
2576.291 3289.906
2872.066 3411.972
3167.84 3421.362
3463.615 3294.601
ID=Specimen147
LM=14 
3868.85 2782.199
3614.752 2078.453
3614.752 1727.165
3492.972 1572.598
3188.522 1361.826
2855.97 1282.201
2560.888 1296.252
2251.755 1357.142
1989.46 2298.593
2354.799 3099.529
2663.933 3272.831
2977.75 3399.295
3282.199 3338.405
3581.965 3216.625
ID=Specimen148
LM=14 
4098.473 2940.209
3830.009 2062.132
3858.145 1672.918
3759.669 1471.277
3445.484 1274.325
3112.542 1152.402
2788.978 1175.849
2460.725 1297.772
2132.472 2324.735
2456.036 3215.707
2784.289 3384.523
3117.231 3440.795
3436.105 3398.591
3759.669 3243.843
ID=Specimen149
LM=14 
3670.973 2500.586
3462.982 2231.491
3665.097 1907.167
3415.979 1709.752
3138.658 1601.644
2866.038 1587.543
2588.717 1601.644
2311.397 1705.052
2005.874 2353.7
2269.094 2729.728
2546.414 2866.038
2814.334 2917.742
3096.355 2898.94
3378.376 2833.136
ID=Specimen150
LM=14 
3793.182 2458.283
3561.69 2179.787
3726.202 1916.567
3538.188 1714.452
3270.268 1643.947
3016.449 1601.644
2762.63 1629.846
2494.71 1676.85
2231.491 2391.303
2475.909 2696.825
2729.728 2809.634
2992.947 2847.237
3256.167 2814.334
3519.387 2729.728
ID=Specimen151
LM=14 
3787.983 2567.725
3551.234 2236.748
3669.02 1930.505
3442.872 1770.317
3150.763 1694.934
2849.232 1690.223
2566.547 1789.162
2283.862 1897.525
2029.445 2552.413
2354.533 2985.864
2641.93 3065.958
2934.038 3051.824
3230.858 2999.998
3518.254 2919.904
ID=Specimen152
LM=14 
3821.174 2592.939
3636.468 2323.528
3758.821 2017.646
3598.821 1871.763
3339.998 1739.999
3067.057 1697.646
2812.939 1688.234
2530.586 1843.528
2215.293 2483.528
2450.587 2812.939
2709.41 2954.116
2972.939 3019.998
3241.174 3005.88
3514.115 2963.527
ID=Specimen153
LM=14 
3712.6 2332.154
3499.409 2109.539
3617.194 1906.948
3419.314 1742.048
3179.032 1671.377
2957.595 1676.088
2740.87 1737.337
2519.433 1789.162
2378.09 2486.453
2641.93 2783.273
2863.367 2844.521
3084.804 2853.944
3320.375 2806.83
3522.966 2707.89
ID=Specimen154
LM=14 
3863.527 2291.763
3603.527 2059.999
3739.997 1758.822
3509.409 1565.881
3198.821 1523.528
2892.939 1528.234
2596.469 1631.764
2299.998 1829.41
2036.469 2497.645
2361.175 2855.292
2676.469 2911.763
2977.645 2897.645
3278.821 2845.88
3589.409 2765.88
ID=Specimen155
LM=14 
4014.098 2585.192
3773.205 2245.592
3928.317 1897.766
3688.599 1681.55
3354.874 1596.944
3007.048 1629.846
2668.623 1658.048
2334.899 1643.947
1982.372 2452.407
2311.397 2908.341
2649.822 3049.352
2992.947 3072.853
3326.672 3068.153
3669.798 2978.846
ID=Specimen156
LM=14 
4033.016 2297.168
3739.384 1937.499
3852.592 1715.801
3706.365 1574.291
3371.46 1442.216
3041.271 1380.895
2701.649 1395.046
2366.744 1465.801
2027.121 2277.121
2362.027 2668.63
2696.932 2805.423
3022.404 2857.309
3357.309 2824.29
3696.931 2701.649
ID=Specimen157
LM=14 
3679.997 2531.763
3443.527 2149.41
3467.056 1848.234
3283.527 1688.234
2958.821 1617.646
2634.116 1631.764
2309.41 1716.469
1984.705 1876.469
1721.175 2667.057
2059.999 3015.292
2408.234 3132.939
2737.645 3132.939
3057.645 3071.763
3377.645 2968.233
ID=Specimen158
